Frequency Real_Pressure_Level Imaginary_Pressure_Level
       100  +0.00014  -0.00027
       200  +0.00014  +0.00027
       300  +0.00060  -0.00000
       400  +0.00014  -0.00027
       500  +0.00014  +0.00027
       600  +0.00060  -0.00000
       700  +0.00014  -0.00027
       800  +0.00014  +0.00027
       900  +0.00060  -0.00000
      1000  +0.00014  -0.00027
      1100  +0.00014  +0.00026
      1200  +0.00060  -0.00000
      1300  +0.00014  -0.00027
      1400  +0.00014  +0.00026
      1500  +0.00060  -0.00000
      1600  +0.00014  -0.00027
      1700  +0.00014  +0.00026
      1800  +0.00060  -0.00000
      1900  +0.00014  -0.00027
      2000  +0.00014  +0.00026
