Depth (m)	Sound Speed (m/s)
0	1540.4587
10	1539.3831
20	1538.3264
30	1537.2886
40	1536.2691
50	1535.2678
60	1534.2844
70	1533.3186
80	1532.3701
90	1531.4387
100	1530.5241
110	1529.6261
120	1528.7444
130	1527.8787
140	1527.0288
150	1526.1946
160	1525.3756
170	1524.5717
180	1523.7827
190	1523.0084
200	1522.2484
210	1521.5027
220	1520.7709
230	1520.0529
240	1519.3484
250	1518.6573
260	1517.9794
270	1517.3143
280	1516.6621
290	1516.0224
300	1515.3950
310	1514.7798
320	1514.1766
330	1513.5852
340	1513.0054
350	1512.4371
360	1511.8800
370	1511.3340
380	1510.7990
390	1510.2747
400	1509.7611
410	1509.2578
420	1508.7648
430	1508.2820
440	1507.8091
450	1507.3460
460	1506.8926
470	1506.4487
480	1506.0142
490	1505.5889
500	1505.1727
510	1504.7654
520	1504.3670
530	1503.9772
540	1503.5960
550	1503.2232
560	1502.8586
570	1502.5023
580	1502.1539
590	1501.8135
600	1501.4808
610	1501.1559
620	1500.8385
630	1500.5285
640	1500.2258
650	1499.9304
660	1499.6421
670	1499.3607
680	1499.0863
690	1498.8186
700	1498.5576
710	1498.3032
720	1498.0553
730	1497.8138
740	1497.5785
750	1497.3494
760	1497.1264
770	1496.9094
780	1496.6983
790	1496.4930
800	1496.2935
810	1496.0996
820	1495.9112
830	1495.7283
840	1495.5508
850	1495.3786
860	1495.2117
870	1495.0498
880	1494.8931
890	1494.7413
900	1494.5944
910	1494.4524
920	1494.3151
930	1494.1825
940	1494.0545
950	1493.9311
960	1493.8122
970	1493.6976
980	1493.5874
990	1493.4815
1000	1493.3798
1010	1493.2823
1020	1493.1888
1030	1493.0993
1040	1493.0138
1050	1492.9322
1060	1492.8545
1070	1492.7805
1080	1492.7102
1090	1492.6436
1100	1492.5806
1110	1492.5212
1120	1492.4653
1130	1492.4128
1140	1492.3637
1150	1492.3180
1160	1492.2755
1170	1492.2363
1180	1492.2003
1190	1492.1674
1200	1492.1376
1210	1492.1109
1220	1492.0872
1230	1492.0664
1240	1492.0485
1250	1492.0335
1260	1492.0213
1270	1492.0119
1280	1492.0053
1290	1492.0013
1300	1492.0000
1310	1492.0013
1320	1492.0052
1330	1492.0116
1340	1492.0205
1350	1492.0318
1360	1492.0456
1370	1492.0618
1380	1492.0803
1390	1492.1011
1400	1492.1242
1410	1492.1495
1420	1492.1771
1430	1492.2068
1440	1492.2387
1450	1492.2726
1460	1492.3087
1470	1492.3467
1480	1492.3868
1490	1492.4289
1500	1492.4729
1510	1492.5189
1520	1492.5667
1530	1492.6164
1540	1492.6679
1550	1492.7213
1560	1492.7764
1570	1492.8333
1580	1492.8919
1590	1492.9521
1600	1493.0141
1610	1493.0777
1620	1493.1430
1630	1493.2098
1640	1493.2782
1650	1493.3482
1660	1493.4196
1670	1493.4926
1680	1493.5671
1690	1493.6430
1700	1493.7204
1710	1493.7991
1720	1493.8793
1730	1493.9608
1740	1494.0437
1750	1494.1279
1760	1494.2134
1770	1494.3002
1780	1494.3882
1790	1494.4775
1800	1494.5681
1810	1494.6598
1820	1494.7528
1830	1494.8469
1840	1494.9422
1850	1495.0386
1860	1495.1361
1870	1495.2348
1880	1495.3345
1890	1495.4353
1900	1495.5372
1910	1495.6401
1920	1495.7440
1930	1495.8489
1940	1495.9548
1950	1496.0617
1960	1496.1695
1970	1496.2783
1980	1496.3881
1990	1496.4987
2000	1496.6103
2010	1496.7227
2020	1496.8360
2030	1496.9502
2040	1497.0652
2050	1497.1811
2060	1497.2978
2070	1497.4153
2080	1497.5336
2090	1497.6527
2100	1497.7725
2110	1497.8932
2120	1498.0145
2130	1498.1367
2140	1498.2595
2150	1498.3831
2160	1498.5074
2170	1498.6323
2180	1498.7580
2190	1498.8843
2200	1499.0113
2210	1499.1389
2220	1499.2672
2230	1499.3962
2240	1499.5257
2250	1499.6559
2260	1499.7867
2270	1499.9180
2280	1500.0500
2290	1500.1825
2300	1500.3156
2310	1500.4493
2320	1500.5835
2330	1500.7183
2340	1500.8536
2350	1500.9894
2360	1501.1258
2370	1501.2626
2380	1501.4000
2390	1501.5378
2400	1501.6762
2410	1501.8150
2420	1501.9543
2430	1502.0941
2440	1502.2343
2450	1502.3750
2460	1502.5161
2470	1502.6577
2480	1502.7997
2490	1502.9421
2500	1503.0849
2510	1503.2282
2520	1503.3718
2530	1503.5159
2540	1503.6604
2550	1503.8052
2560	1503.9504
2570	1504.0960
2580	1504.2420
2590	1504.3883
2600	1504.5350
2610	1504.6821
2620	1504.8295
2630	1504.9772
2640	1505.1253
2650	1505.2737
2660	1505.4224
2670	1505.5715
2680	1505.7208
2690	1505.8705
2700	1506.0205
2710	1506.1708
2720	1506.3214
2730	1506.4723
2740	1506.6235
2750	1506.7750
2760	1506.9267
2770	1507.0787
2780	1507.2310
2790	1507.3836
2800	1507.5364
2810	1507.6895
2820	1507.8429
2830	1507.9965
2840	1508.1503
2850	1508.3044
2860	1508.4587
2870	1508.6133
2880	1508.7681
2890	1508.9231
2900	1509.0784
2910	1509.2339
2920	1509.3896
2930	1509.5455
2940	1509.7016
2950	1509.8579
2960	1510.0145
2970	1510.1712
2980	1510.3282
2990	1510.4853
3000	1510.6427
3010	1510.8002
3020	1510.9579
3030	1511.1158
3040	1511.2739
3050	1511.4322
3060	1511.5906
3070	1511.7492
3080	1511.9080
3090	1512.0670
3100	1512.2261
3110	1512.3854
3120	1512.5448
3130	1512.7044
3140	1512.8642
3150	1513.0241
3160	1513.1842
3170	1513.3444
3180	1513.5048
3190	1513.6653
3200	1513.8259
3210	1513.9867
3220	1514.1477
3230	1514.3087
3240	1514.4700
3250	1514.6313
3260	1514.7928
3270	1514.9544
3280	1515.1161
3290	1515.2779
3300	1515.4399
3310	1515.6020
3320	1515.7642
3330	1515.9265
3340	1516.0889
3350	1516.2515
3360	1516.4142
3370	1516.5769
3380	1516.7398
3390	1516.9028
3400	1517.0659
3410	1517.2291
3420	1517.3924
3430	1517.5558
3440	1517.7193
3450	1517.8829
3460	1518.0466
3470	1518.2103
3480	1518.3742
3490	1518.5382
3500	1518.7022
3510	1518.8664
3520	1519.0306
3530	1519.1949
3540	1519.3593
3550	1519.5238
3560	1519.6884
3570	1519.8530
3580	1520.0178
3590	1520.1826
3600	1520.3475
3610	1520.5124
3620	1520.6775
3630	1520.8426
3640	1521.0078
3650	1521.1730
3660	1521.3383
3670	1521.5037
3680	1521.6692
3690	1521.8347
3700	1522.0003
3710	1522.1660
3720	1522.3317
3730	1522.4975
3740	1522.6633
3750	1522.8292
3760	1522.9952
3770	1523.1612
3780	1523.3273
3790	1523.4935
3800	1523.6597
3810	1523.8259
3820	1523.9922
3830	1524.1586
3840	1524.3250
3850	1524.4915
3860	1524.6580
3870	1524.8246
3880	1524.9912
3890	1525.1579
3900	1525.3246
3910	1525.4914
3920	1525.6582
3930	1525.8251
3940	1525.9920
3950	1526.1589
3960	1526.3259
3970	1526.4930
3980	1526.6601
3990	1526.8272
4000	1526.9944
4010	1527.1616
4020	1527.3288
4030	1527.4961
4040	1527.6635
4050	1527.8308
4060	1527.9982
4070	1528.1657
4080	1528.3332
4090	1528.5007
4100	1528.6682
4110	1528.8358
4120	1529.0034
4130	1529.1711
4140	1529.3388
4150	1529.5065
4160	1529.6743
4170	1529.8421
4180	1530.0099
4190	1530.1777
4200	1530.3456
4210	1530.5135
4220	1530.6815
4230	1530.8494
4240	1531.0174
4250	1531.1855
4260	1531.3535
4270	1531.5216
4280	1531.6897
4290	1531.8579
4300	1532.0260
4310	1532.1942
4320	1532.3624
4330	1532.5307
4340	1532.6989
4350	1532.8672
4360	1533.0355
4370	1533.2039
4380	1533.3722
4390	1533.5406
4400	1533.7090
4410	1533.8775
4420	1534.0459
4430	1534.2144
4440	1534.3829
4450	1534.5514
4460	1534.7199
4470	1534.8885
4480	1535.0570
4490	1535.2256
4500	1535.3942
4510	1535.5629
4520	1535.7315
4530	1535.9002
4540	1536.0689
4550	1536.2376
4560	1536.4063
4570	1536.5751
4580	1536.7438
4590	1536.9126
4600	1537.0814
4610	1537.2502
4620	1537.4190
4630	1537.5878
4640	1537.7567
4650	1537.9256
4660	1538.0945
4670	1538.2634
4680	1538.4323
4690	1538.6012
4700	1538.7701
4710	1538.9391
4720	1539.1081
4730	1539.2771
4740	1539.4460
4750	1539.6151
4760	1539.7841
4770	1539.9531
4780	1540.1222
4790	1540.2912
4800	1540.4603
4810	1540.6294
4820	1540.7985
4830	1540.9676
4840	1541.1367
4850	1541.3058
4860	1541.4750
4870	1541.6441
4880	1541.8133
4890	1541.9825
4900	1542.1517
4910	1542.3209
4920	1542.4901
4930	1542.6593
4940	1542.8285
4950	1542.9977
4960	1543.1670
4970	1543.3362
4980	1543.5055
4990	1543.6748
5000	1543.8441
